729067.43234639
729067.43450727
729067.43688889
729067.43872237
729067.44041099
729067.44365031
729067.44556214
729067.44659794
729067.44744271
729067.44967240
729067.45109149
729067.45317988
729067.45429172
729067.45480816
729067.45668319
729067.45802132
729067.45886501
729067.45943533
729067.45985571
729067.46037831
729067.46114273
729067.46254212
729067.46304408
729067.46392657
729067.46470931
729067.46522729
729067.46574342
729067.46632389
729067.46646443
729067.46717744
729067.46772544
729067.46819862
729067.46872245
729067.46915792
729067.46982136
729067.46993511
729067.47043031
729067.47132573
729067.47175366
729067.47215788
729067.47250038
729067.47295509
729067.47375676
729067.47413251
729067.47474854
729067.47603956
729067.47698192
729067.47732658
729067.47771140
729067.47803389
729067.47858111
729067.47878138
729067.47935569
729067.47956812
729067.47993694
729067.48012981
729067.48052865
729067.48072122
729067.48098736
729067.48141483
729067.48166543
729067.48219757
729067.48253853
729067.48283869
729067.48308159
729067.48351429
729067.48383847
729067.48409138
729067.48460105
729067.48618284
729067.48688107
729067.48725220
729067.48778834
729067.48799261
729067.49011286
729067.49192001
729067.49392034
729067.49538900
729067.49726711
729067.49756758
729067.49863679
729067.50033049
729067.50057385
729067.50132104
729067.50151699
729067.50196385
729067.50266886
729067.50336616
729067.50367695
729067.50389569
729067.50433223
729067.51076978
729067.51078518
729067.51177049
