7.359270003347595921e+05
7.359270006592521677e+05
7.359270022582659731e+05
7.359270044572334737e+05
7.359270080869094236e+05
7.359270114163288381e+05
7.359270146857179934e+05
7.359270189315049211e+05
7.359270225961884717e+05
7.359270282578731421e+05
7.359270297249356518e+05
7.359270336696791928e+05
7.359270400624820031e+05
7.359270417498013703e+05
7.359270437796767801e+05
7.359270457457096782e+05
7.359270483216810971e+05
7.359270515339599224e+05
7.359270535692210542e+05
7.359270544882816030e+05
7.359270581772010773e+05
7.359270610286333831e+05
7.359270641916536260e+05
7.359270664283214137e+05
7.359270717458765721e+05
7.359270810897484189e+05
7.359270877714767121e+05
7.359270899467678973e+05
7.359270957875293680e+05
7.359270972801742610e+05
7.359271005099569447e+05
7.359271114541891729e+05
7.359271268461747095e+05
7.359271341768881539e+05
7.359271414752870332e+05
7.359271422952704597e+05
7.359271447150544263e+05
7.359271454186841147e+05
7.359271475839905906e+05
7.359271491506898310e+05
7.359271534530273639e+05
7.359271556337042712e+05
7.359271565796935465e+05
7.359271577263027430e+05
7.359271601070399629e+05
7.359271634458844783e+05
7.359271649519937346e+05
7.359271666595097631e+05
7.359271707496690797e+05
7.359271722921323963e+05
7.359271782459949609e+05
7.359271832000106806e+05
7.359271884556293953e+05
7.359271910000728676e+05
7.359271932049856987e+05
7.359271950417602202e+05
7.359271994065938052e+05
7.359272012810686138e+05
7.359272061435262440e+05
7.359272107730492717e+05
7.359272146612422075e+05
7.359272237713928334e+05
7.359272242501666769e+05
7.359272244602115825e+05
7.359272250028278213e+05
7.359272259178489912e+05
7.359272265285742469e+05
7.359272321571573848e+05
7.359272334491823567e+05
7.359272345904058311e+05
7.359272356831573416e+05
7.359272421669586329e+05
7.359272440877722111e+05
7.359272459070429904e+05
7.359272467431835830e+05
7.359272487132559763e+05
7.359272509808919858e+05
7.359272513040381018e+05
7.359272515356261283e+05
7.359272524950798834e+05
7.359272532929605804e+05
7.359272555713681504e+05
7.359272579857663950e+05
7.359272620207215659e+05
7.359272640419587260e+05
7.359272659102609614e+05
7.359272680015130900e+05
7.359272698630831437e+05
7.359272734550588066e+05
7.359272757173090940e+05
7.359272783471380826e+05
7.359272807157572825e+05
7.359272836089293705e+05
7.359272864043707959e+05
7.359272902063914808e+05
7.359272935075354762e+05
7.359272951779108262e+05
7.359272968706159154e+05
7.359272998168589547e+05
7.359273031018457841e+05
7.359273053075454663e+05
7.359273059484519763e+05
7.359273066238063620e+05
7.359273085540450411e+05
7.359273102831040742e+05
7.359273119602116058e+05
7.359273141403289046e+05
7.359273164470117772e+05
7.359273170798396459e+05
7.359273192168708192e+05
7.359273215774113778e+05
7.359273227455635788e+05
7.359273252097802470e+05
7.359273329740482150e+05
7.359273346923356876e+05
7.359273355432872195e+05
7.359273368939961074e+05
7.359273392572295852e+05
7.359273406273481669e+05
7.359273413221123628e+05
7.359273428438194096e+05
7.359273434887652984e+05
7.359273451833765721e+05
7.359273470686229412e+05
7.359273478732358199e+05
7.359273491706466302e+05
7.359273505569224944e+05
7.359273514396290993e+05
7.359273524979327340e+05
7.359273537832255242e+05
7.359273552618463291e+05
7.359273557950374670e+05
7.359273569403002039e+05
7.359273572930680821e+05
7.359273581165311625e+05
7.359273599748488050e+05
7.359273610520026414e+05
7.359273624498369172e+05
7.359273641996523365e+05
7.359273650392726995e+05
7.359273663393763127e+05
7.359273671305248281e+05
7.359273674617495853e+05
7.359273681322778575e+05
7.359273698047864018e+05
7.359273714536186308e+05
7.359273722218775656e+05
7.359273736808613176e+05
7.359273759915835690e+05
7.359273790172665613e+05
7.359273823991972022e+05
7.359273833155648317e+05
7.359273841861534165e+05
7.359273852808109950e+05
7.359273880379924085e+05
7.359273900382460561e+05
7.359273908011191525e+05
7.359273915599529864e+05
7.359273924714945024e+05
7.359273940053194528e+05
7.359273950582373654e+05
7.359273958238033811e+05
7.359273977454036940e+05
7.359273985653871205e+05
7.359274016389824683e+05
7.359274021169694606e+05
7.359274028704175726e+05
7.359274046350438148e+05
7.359274060719249537e+05
7.359274073114386993e+05
7.359274090424038004e+05
7.359274092659133021e+05
7.359274101284231292e+05
7.359274112130959984e+05
7.359274120640475303e+05
7.359274125037746271e+05
7.359274132995220134e+05
7.359274143720768625e+05
7.359274151780362008e+05
7.359274158014389686e+05
7.359274173096815357e+05
7.359274181493018987e+05
7.359274190446860157e+05
7.359274197402370628e+05
7.359274207064231159e+05
7.359274219822906889e+05
7.359274230311693391e+05
7.359274242626043269e+05
7.359274258879874833e+05
7.359274266635382082e+05
7.359274272836884484e+05
7.359274286524606869e+05
7.359274304986603092e+05
7.359274310022296850e+05
7.359274322188539663e+05
7.359274335876260884e+05
7.359274350493028760e+05
7.359274361635973910e+05
7.359274367891334696e+05
7.359274385672241915e+05
7.359274398417454213e+05
7.359274412482179468e+05
7.359274430257490603e+05
7.359274446759276325e+05
7.359274455411304953e+05
7.359274471993877087e+05
7.359274482571317349e+05
7.359274494091267698e+05
7.359274506836479995e+05
7.359274519150831038e+05
7.359274538568800781e+05
7.359274544385431800e+05
7.359274546647454845e+05
7.359274554639725247e+05
7.359274566065424588e+05
7.359274574448163621e+05
7.359274592646467499e+05
7.359274616642341716e+05
7.359274627071672585e+05
7.359274638241548091e+05
7.359274656959368149e+05
7.359274674147840124e+05
7.359274689249326475e+05
7.359274702358078212e+05
7.359274720066066366e+05
7.359274726030805614e+05
7.359274744937127689e+05
7.359274752234844491e+05
7.359274774493807927e+05
7.359274784519206733e+05
7.359274790761102922e+05
7.359274797924176091e+05
7.359274812419763766e+05
7.359274829346815823e+05
7.359274840247401735e+05
7.359274852777183987e+05
7.359274867797883926e+05
7.359274885067142313e+05
7.359274898337466875e+05
7.359274913231390528e+05
7.359274929948607460e+05
7.359274940472190501e+05
7.359274958401205949e+05
7.359274974008743884e+05
7.359274994940325851e+05
7.359275006419882411e+05
7.359275020444215043e+05
7.359275033089580247e+05
7.359275042676249286e+05
7.359275057050656760e+05
7.359275066375905881e+05
7.359275097044537542e+05
7.359275112684600754e+05
7.359275117154788459e+05
7.359275127220581053e+05
7.359275133166259620e+05
7.359275144915104611e+05
7.359275166492979042e+05
7.359275182423663791e+05
7.359275186382203829e+05
7.359275199921816820e+05
7.359275217575947754e+05
7.359275227256867802e+05
7.359275243456840981e+05
7.359275267641216051e+05
7.359275276818356942e+05
7.359275295016660821e+05
7.359275324931284413e+05
7.359275340571347624e+05
7.359275356709595071e+05
7.359275373717432376e+05
7.359275389249781147e+05
7.359275391740698833e+05
7.359275400998626137e+05
7.359275436379805906e+05
7.359275466811673250e+05
7.359275484156121965e+05
7.359275497116765473e+05
7.359275511343064718e+05
7.359275536820024718e+05
7.359275552258121315e+05
7.359275556857357733e+05
7.359275576509819366e+05
7.359275598822640022e+05
7.359275608874968020e+05
7.359275629518200876e+05
7.359275657243719324e+05
7.359275665451422101e+05
7.359275683124612551e+05
7.359275704212171258e+05
7.359275717913358239e+05
7.359275725601543672e+05
7.359275750574723352e+05
7.359275766430217773e+05
7.359275782972397283e+05
7.359275802121078596e+05
7.359275820736780297e+05
7.359275833320419770e+05
7.359275851809344022e+05
7.359275872519898694e+05
7.359275893815020099e+05
7.359275914337072754e+05
7.359275929573202739e+05
7.359275951118551893e+05
7.359275970226840582e+05
7.359275986715161707e+05
7.359276006792888511e+05
7.359276013821318047e+05
7.359276023267746205e+05
7.359276033872115659e+05
7.359276057396734832e+05
7.359276072444362799e+05
7.359276085822402965e+05
7.359276109252771130e+05
7.359276118106765207e+05
7.359276131740630371e+05
7.359276150692941155e+05
7.359276171632391633e+05
7.359276191790904850e+05
7.359276202624168945e+05
7.359276219166348455e+05
7.359276254534063628e+05
7.359276260041012429e+05
7.359276281801792793e+05
7.359276296203128295e+05
7.359276311487520579e+05
7.359276327127583791e+05
7.359276345473995898e+05
7.359276364259138936e+05
7.359276375415548682e+05
7.359276383003887022e+05
7.359276390126567567e+05
7.359276399371029111e+05
7.359276409652252914e+05
7.359276424538308056e+05
7.359276439734045416e+05
7.359276459784843028e+05
7.359276484628976323e+05
7.359276498572522542e+05
7.359276530439486960e+05
7.359276561665756162e+05
7.359276582551348256e+05
7.359276601201846497e+05
7.359276636319332756e+05
7.359276660759532824e+05
7.359276686473257141e+05
7.359276706664295634e+05
7.359276725772583159e+05
7.359276736444274429e+05
7.359276766552996123e+05
7.359276784180197865e+05
7.359276806673653191e+05
7.359276821082857205e+05
7.359276842297192197e+05
7.359276857998981141e+05
7.359276890208153054e+05
7.359276907525673741e+05
7.359276926302947104e+05
7.359276955530885607e+05
7.359276979028575588e+05
7.359277003051377833e+05
7.359277023713671369e+05
7.359277045178234112e+05
7.359277060400899500e+05
7.359277082565611927e+05
7.359277098340319935e+05
7.359277112035909668e+05
7.359277148628887953e+05
7.359277184373605996e+05
7.359277196553313406e+05
7.359277213903358206e+05
7.359277220245101489e+05
7.359277256447609980e+05
7.359277273468913045e+05
7.359277287425923860e+05
7.359277309509849874e+05
7.359277328192872228e+05
7.359277337370013120e+05
7.359277349078464322e+05
7.359277383436347591e+05
7.359277405049018562e+05
7.359277437769839307e+05
7.359277465853301110e+05
7.359277505421915557e+05
7.359277548221992329e+05
7.359277566010766895e+05
7.359277593224638840e+05
7.359277603990581119e+05
7.359277619940325385e+05
7.359277633964658016e+05
7.359277655119538540e+05
7.359277674631759292e+05
7.359277694405401126e+05
7.359277721344387392e+05
7.359277738613645779e+05
7.359277763282740489e+05
7.359277781152302632e+05
7.359277802312779240e+05
7.359277824450562475e+05
7.359277851597111439e+05
7.359277861447472824e+05
7.359277878670741338e+05
7.359277890877376776e+05
7.359277922332541784e+05
7.359277954926585080e+05
7.359277974559986033e+05
7.359278003685805015e+05
7.359278020160662709e+05
7.359278052000699099e+05
7.359278068839096231e+05
7.359278089778545545e+05
7.359278114097565413e+05
7.359278131232180167e+05
7.359278150286610471e+05
7.359278182894118363e+05
7.359278197982141282e+05
7.359278221304793842e+05
7.359278250417148229e+05
7.359278271316204919e+05
7.359278298732042313e+05
7.359278319375274004e+05
7.359278340355117107e+05
7.359278368376853177e+05
7.359278386440513423e+05
7.359278419357703533e+05
7.359278456004537875e+05
7.359278516404888360e+05
7.359278535863250727e+05
7.359278568180138245e+05
7.359278612738457741e+05
7.359278638700137381e+05
7.359278702601237455e+05
7.359278754936397308e+05
7.359278779632421210e+05
7.359278817652628059e+05
7.359278857477066340e+05
7.359278907071080757e+05
7.359278934036996216e+05
7.359278950808070367e+05
7.359278975342521444e+05
7.359278995285603451e+05
7.359279023643950932e+05
7.359279069952645805e+05
7.359279126548159402e+05
7.359279148726336425e+05
7.359279172237491002e+05
7.359279220458134077e+05
7.359279245733127464e+05
7.359279290412627161e+05
7.359279322029364994e+05
7.359279370007647667e+05
7.359279398912439356e+05
7.359279433606934035e+05
7.359279470563450595e+05
7.359279519928569207e+05
7.359279561207166407e+05
7.359279597692427924e+05
7.359279614476967836e+05
7.359279631430947920e+05
7.359279656988695497e+05
7.359279704643832520e+05
7.359279830453296890e+05
7.359279834500491852e+05
7.359279868446574546e+05
7.359279912372066174e+05
7.359279973970749415e+05
7.359280093542383984e+05
7.359280139961796813e+05
7.359280230590671999e+05
7.359280283509882865e+05
7.359280315072099911e+05
7.359280363121922128e+05
7.359280373871477786e+05
7.359280421988121234e+05
7.359280468113524839e+05
7.359280559624425368e+05
7.359280617555142380e+05
7.359280658441851847e+05
7.359280707774619805e+05
7.359280720635690959e+05
7.359280751168878051e+05
7.359280762426266447e+05
7.359280794755119132e+05
7.359280832402849337e+05
7.359280861252171453e+05
7.359280892017432489e+05
7.359280963811521651e+05
7.359281050417828374e+05
7.359281113707516342e+05
7.359281156759196892e+05
7.359281206305789528e+05
7.359281252230732935e+05
7.359281276103752898e+05
7.359281308980530594e+05
7.359281337763031479e+05
7.359281369811239420e+05
7.359281419478107709e+05
7.359281464400750119e+05
7.359281491699845064e+05
7.359281567075491184e+05
7.359281614497205010e+05
7.359281650875353953e+05
7.359281701664800057e+05
7.359281730772923911e+05
7.359281781869742554e+05
7.359281819958485430e+05
7.359281911287176190e+05
7.359281990084010176e+05
7.359282033149054041e+05
7.359282069219831610e+05
7.359282123550741235e+05
7.359282224220880307e+05
7.359282250108276494e+05
7.359282282966802595e+05
7.359282309089864139e+05
7.359282352555829566e+05
7.359282477237514686e+05
7.359282504888961557e+05
7.359282527866592864e+05
7.359282653675741749e+05
7.359282677740745712e+05
7.359282698406402487e+05
7.359282786460908828e+05
7.359282860206144396e+05
7.359282989859244553e+05
7.359283038777727634e+05
7.359283082377333194e+05
7.359283084903132403e+05
7.359283115387749858e+05
7.359283140749062877e+05
7.359283199628625298e+05
7.359283232059503207e+05
7.359283298761901679e+05
7.359283374605288263e+05
7.359283422641746001e+05
7.359283516148772324e+05
7.359283574386861874e+05
7.359283579425095813e+05
7.359283608555061510e+05
7.359283692194556352e+05
7.359283723761659348e+05
7.359283747145098168e+05
7.359283827893078560e+05
7.359283874887143029e+05
7.359283912815519143e+05
7.359283947362797335e+05
7.359283995185431559e+05
7.359284031496760435e+05
7.359284165016948245e+05
7.359284197653172305e+05
7.359284263067739084e+05
7.359284298470315989e+05
7.359284357336513931e+05
7.359284447577833198e+05
7.359284492500475608e+05
7.359284531177235767e+05
7.359284591406563995e+05
7.359284687613120768e+05
7.359284828822504496e+05
7.359284903850685805e+05
7.359284935083688470e+05
7.359284965870792512e+05
7.359285084391665878e+05
7.359285150621437933e+05
7.359285215078681940e+05
7.359285251603835495e+05
7.359285325763354776e+05
7.359285421863000374e+05
7.359285486382177332e+05
7.359285570222132374e+05
7.359285680773166241e+05
7.359285715467449045e+05
7.359285808100927388e+05
7.359285820093336515e+05
7.359285859122447437e+05
7.359285895447140792e+05
7.359285994500233792e+05
7.359286128902445780e+05
7.359286163890737807e+05
7.359286209530150518e+05
7.359286259597939206e+05
7.359286351554739522e+05
7.359286389990947209e+05
7.359286455356944352e+05
7.359286536439025076e+05
7.359286605627130484e+05
7.359286688892432721e+05
7.359286694091035752e+05
7.359286746297067730e+05
7.359286787063500378e+05
7.359286863575087627e+05
7.359286922802114859e+05
7.359287018059826223e+05
7.359287076779020717e+05
7.359287117219831562e+05
7.359287127635286888e+05
7.359287165643846383e+05
7.359287225552437594e+05
7.359287267984487116e+05
7.359287309018200031e+05
7.359287392844790593e+05
7.359287472964662593e+05
7.359287570855085505e+05
7.359287737532694591e+05
7.359287783430910204e+05
7.359287824660197366e+05
7.359287874634438194e+05
7.359287908486787928e+05
7.359287945693506626e+05
7.359287988945647376e+05
7.359288049335343530e+05
7.359288107292788336e+05
7.359288168417506386e+05
7.359288255932565080e+05
7.359288295397802722e+05
7.359288341175742680e+05
7.359288391043071169e+05
7.359288552878019400e+05
7.359288589857548941e+05
7.359288628039840842e+05
7.359288690733034164e+05
7.359288745638597757e+05
7.359288795158461435e+05
7.359288865829972783e+05
7.359288928264364367e+05
7.359288956552396994e+05
7.359289012745792279e+05
7.359289051957112970e+05
7.359289094982064562e+05
7.359289130945929792e+05
7.359289193072947673e+05
7.359289298853027867e+05
7.359289372825451428e+05
7.359289409390697256e+05
7.359289452116754837e+05
7.359289562159954803e+05
7.359289606748496881e+05
7.359289700389163336e+05
7.359289742674207082e+05
7.359289815711150877e+05
7.359289852904505096e+05
7.359289910688217496e+05
7.359290049005141482e+05
7.359290052614089800e+05
7.359290092112837592e+05
7.359290137300392380e+05
7.359290185268813511e+05
7.359290219700203743e+05
7.359290267059537582e+05
7.359290346616684692e+05
7.359290384891851572e+05
7.359290399800777668e+05
7.359290456869202899e+05
7.359290541938646929e+05
7.359290571945367847e+05
7.359290610727270832e+05
7.359290709519138327e+05
7.359290820018844679e+05
7.359290876864800230e+05
7.359290927638808498e+05
7.359291017825049348e+05
7.359291081085539190e+05
7.359291160852796165e+05
7.359291260645776056e+05
7.359291330151244765e+05
7.359291471114970045e+05
7.359291496780060697e+05
7.359291521172132343e+05
7.359291612792065134e+05
7.359291684213242261e+05
7.359291725083886413e+05
7.359291851682498818e+05
7.359291899205981754e+05
7.359291939087872161e+05
7.359291984300144250e+05
7.359292070160591975e+05
7.359292176652372582e+05
7.359292219565794803e+05
7.359292292828524951e+05
7.359292332327273907e+05
7.359292455807838123e+05
7.359292475651646964e+05
7.359292555035761325e+05
7.359292630968124140e+05
7.359292661033165641e+05
7.359292722279072041e+05
7.359292803096878342e+05
7.359292861945058685e+05
7.359292990014441311e+05
7.359293040009806864e+05
7.359293108473608736e+05
7.359293175185851287e+05
7.359293271159772994e+05
7.359293318992240820e+05
7.359293393515631324e+05
7.359293452734593302e+05
7.359293557483697077e+05
7.359293621226204559e+05
7.359293846567247529e+05
7.359294020920695039e+05
7.359294157756377244e+05
7.359294211669676006e+05
7.359294287639117101e+05
7.359294384144493379e+05
7.359294525899221189e+05
7.359294689138082322e+05
7.359294813866947079e+05
7.359294937116159126e+05
7.359294995478846831e+05
7.359295073280957295e+05
7.359295262246705825e+05
7.359295349865665194e+05
7.359295419515970862e+05
7.359295560961712617e+05
7.359295772737528896e+05
7.359295831956490874e+05
7.359295937895574607e+05
7.359295996422410244e+05
7.359296077014271868e+05
7.359296150598346721e+05
7.359296243741962826e+05
7.359296320963180624e+05
7.359296400121350307e+05
7.359296495749208843e+05
7.359296597853398416e+05
7.359296818333716365e+05
7.359296822465235600e+05
7.359296945401986595e+05
7.359297112327427603e+05
7.359297176601389656e+05
7.359297280584210530e+05
7.359297539133060491e+05
7.359297580127298133e+05
7.359297666284370935e+05
7.359297754295355408e+05
7.359297936244434677e+05
7.359298153272999916e+05
7.359298252645760076e+05
7.359298358473608969e+05
7.359298417235272937e+05
7.359298508228352293e+05
7.359298639322314411e+05
7.359298707122184569e+05
7.359298787615171168e+05
7.359298917489027372e+05
7.359299156515414361e+05
7.359299244785946794e+05
7.359299386342923390e+05
7.359299481513483915e+05
7.359299643528762972e+05
7.359299769196943380e+05
7.359299882666384801e+05
7.359300050652655773e+05
7.359300148047909606e+05
7.359300197227554163e+05
7.359300293918321840e+05
7.359300353248518659e+05
7.359300456427977188e+05
7.359300534313127864e+05
7.359300588687200798e+05
7.359300751604717225e+05
7.359300907736916561e+05
7.359301069369054167e+05
7.359301160535163945e+05
7.359301209949636832e+05
7.359301254939440405e+05
7.359301359651467064e+05
7.359301536072412273e+05
7.359301625887871487e+05
7.359301735225792509e+05
7.359301805559342029e+05
7.359301921216399642e+05
7.359302626287620515e+05
7.359302679249244975e+05
7.359302848955554655e+05
7.359303111360541079e+05
7.359303120840210468e+05
7.359303474333675113e+05
7.359303553779587382e+05
7.359303745035303291e+05
7.359303878131490201e+05
7.359304073444569949e+05
7.359304376794357086e+05
7.359304443676155061e+05
7.359304515060253907e+05
7.359304700392335653e+05
7.359304933210823219e+05
7.359305062701537972e+05
7.359305131848583696e+05
7.359305213642783929e+05
7.359305259049331071e+05
7.359305385610866360e+05
7.359305442453345750e+05
7.359305533446423942e+05
7.359305740686336067e+05
7.359305779023299692e+05
7.359305952882370912e+05
7.359306075646090321e+05
7.359306308962429175e+05
7.359306378798126243e+05
7.359306382002689643e+05
7.359306620914366795e+05
7.359306719310733024e+05
7.359306779469010653e+05
7.359306887286724523e+05
7.359307041107714176e+05
7.359307386106787017e+05
7.359307450343670789e+05
7.359307493491922505e+05
7.359307606834293110e+05
7.359307640524117742e+05
7.359307882541483268e+05
7.359307932252582395e+05
7.359308090869022999e+05
7.359308142594705569e+05
7.359308423480489291e+05
7.359308515437602764e+05
7.359308685811320320e+05
7.359308784232405014e+05
7.359308910657985834e+05
7.359309165977553930e+05
7.359309586970787495e+05
7.359309707658125553e+05
7.359310115827535046e+05
7.359310385882997653e+05
7.359310481535574654e+05
7.359310616328476463e+05
7.359310682064325083e+05
7.359310775031433441e+05
7.359310841669519432e+05
7.359310863503192086e+05
7.359310899562548148e+05
7.359310966237712419e+05
7.359311040761102922e+05
7.359311151149574434e+05
7.359311383102901746e+05
7.359311490179051179e+05
7.359311776704202639e+05
7.359311874346645782e+05
7.359311996393518057e+05
7.359312127169611631e+05
7.359312204276119592e+05
7.359312339464522665e+05
7.359312421431755647e+05
7.359312494373141089e+05
7.359312626162705710e+05
7.359312739455639385e+05
7.359312810419519665e+05
7.359312899579928489e+05
7.359313066851434996e+05
7.359313281807095045e+05
7.359313342904688325e+05
7.359313492828987073e+05
7.359313881124623585e+05
7.359314076372430427e+05
7.359314228892205283e+05
7.359314354341392173e+05
7.359314398363685468e+05
7.359314556349796476e+05
7.359314752611074364e+05
7.359315060178897111e+05
7.359315207544798031e+05
7.359315244546944741e+05
7.359315264155924087e+05
7.359315511537273414e+05
7.359315672155939974e+05
7.359315943895758828e+05
7.359316016911300831e+05
7.359316250038772123e+05
7.359316315956535982e+05
7.359316398541738745e+05
7.359316403201236390e+05
7.359316575527741807e+05
7.359316657321942039e+05
7.359316742552059004e+05
7.359316828400145750e+05
7.359316949878486339e+05
7.359317562711803475e+05
7.359317719054113841e+05
7.359317872340171598e+05
7.359318084737433819e+05
7.359318261093107285e+05
7.359318361059118761e+05
7.359318446709455457e+05
7.359318513557651313e+05
7.359318580315854633e+05
7.359318817760237725e+05
7.359319015442847740e+05
7.359319151582926279e+05
7.359319248780430062e+05
7.359319322760006180e+05
7.359319420640752651e+05
7.359319546704434324e+05
7.359319602289729519e+05
7.359319835120575735e+05
7.359320219663196476e+05
7.359320552661281545e+05
7.359320656199163059e+05
7.359320790179820033e+05
7.359321012341018068e+05
7.359321216895461548e+05
7.359321375156955328e+05
7.359321441099437652e+05
7.359322173825615318e+05
7.359322181640239432e+05
7.359322263347923290e+05
7.359322438368779840e+05
7.359322822635249468e+05
7.359323480590848485e+05
7.359323485200908035e+05
7.359323941963823745e+05
7.359324052673641127e+05
7.359324246376520023e+05
7.359324678373106290e+05
7.359324892574842088e+05
7.359325087241756264e+05
7.359326158292924520e+05
7.359326256046601338e+05
7.359326526448127115e+05
7.359326539345945930e+05
7.359326762223989936e+05
7.359327039080605609e+05
7.359327209973417921e+05
7.359327488016537391e+05
7.359327527490566717e+05
7.359327996872442309e+05
7.359328180474205874e+05
7.359328817860267591e+05
7.359329008127230918e+05
7.359329196586244507e+05
7.359329786597136408e+05
7.359329971311247209e+05